camera_matrix:
- - 19765.737631952037
  - 0.0
  - 2047.2755612555384
- - 0.0
  - 3359.5820058391955
  - 1207.6554736093765
- - 0.0
  - 0.0
  - 1.0
distortion_coefficients:
- - -17.86530717433643
  - 609.7004187941618
  - 4.363977486524896
  - 0.4891140158094502
  - 5431.222142947452
rotation_vectors:
- - - -0.20741445719393198
  - - -0.9892752622653125
  - - 0.07722393811872627
translation_vectors:
- - - -0.6365919353795696
  - - 1.1389432876423553
  - - 13.293300987586832
